Rbl1	0.000002810	0.000002810	0.000002810	0.000002810	0.000002810	0.000002810
Bmp6	0.000045300	0.000045300	0.000045300	0.000045300	0.000045300	0.000045300
Bmp4	0.000096100	0.000096100	0.000096100	0.000096100	0.000096100	0.000096100
Tgfb2	0.000107485	0.000107485	0.000107485	0.000107485	0.000107485	0.000107485
Smad6	0.003549614	0.003549614	0.003549614	0.003549614	0.003549614	0.003549614
Bambi	0.006207420	0.006207420	0.006207420	0.006207420	0.006207420	0.006207420
Cdkn2b	0.007003332	0.007003332	0.007003332	0.007003332	0.007003332	0.007003332
Bmp2	0.008118656	0.008118656	0.008118656	0.008118656	0.008118656	0.008118656
Nog	0.011562009	0.011562009	0.011562009	0.011562009	0.011562009	0.011562009
Bmpr1a	0.013699475	0.013699475	0.013699475	0.013699475	0.013699475	0.013699475
Zfyve16	0.017198290	0.017198290	0.017198290	0.017198290	0.017198290	0.017198290
Thbs1	0.018514796	0.018514796	0.018514796	0.018514796	0.018514796	0.018514796
Rock1	0.019416470	0.019416470	0.019416470	0.019416470	0.019416470	0.019416470
Ltbp1	0.025944202	0.025944202	0.025944202	0.025944202	0.025944202	0.025944202
Chrd	0.026211775	0.026211775	0.026211775	0.026211775	0.026211775	0.026211775
Smad3	0.028161618	0.028161618	0.028161618	0.028161618	0.028161618	0.028161618
Cul1	0.031794449	0.031794449	0.031794449	0.031794449	0.031794449	0.031794449
Tgfb1	0.033816450	0.033816450	0.033816450	0.033816450	0.033816450	0.033816450
Smad2	0.043656338	0.043656338	0.043656338	0.043656338	0.043656338	0.043656338
Acvr1	0.046268921	0.046268921	0.046268921	0.046268921	0.046268921	0.046268921
Bmp8a	0.050321494	0.050321494	0.050321494	0.050321494	0.050321494	0.050321494
Smad7	0.072432538	0.072432538	0.072432538	0.072432538	0.072432538	0.072432538
Tnf	0.080270626	0.080270626	0.080270626	0.080270626	0.080270626	0.080270626
Tgfb3	0.084067705	0.084067705	0.084067705	0.084067705	0.084067705	0.084067705
Lefty1	0.090327224	0.090327224	0.090327224	0.090327224	0.090327224	0.090327224
Inhbb	0.095123787	0.095123787	0.095123787	0.095123787	0.095123787	0.095123787
Rps6kb1	0.095724566	0.095724566	0.095724566	0.095724566	0.095724566	0.095724566
Tfdp1	0.150980280	0.150980280	0.150980280	0.150980280	0.150980280	0.150980280
Zfyve9	0.175012325	0.175012325	0.175012325	0.175012325	0.175012325	0.175012325
Smad9	0.181747699	0.181747699	0.181747699	0.181747699	0.181747699	0.181747699
Acvr2b	0.191540060	0.191540060	0.191540060	0.191540060	0.191540060	0.191540060
Skp1a	0.191696313	0.191696313	0.191696313	0.191696313	0.191696313	0.191696313
Crebbp	0.206050961	0.206050961	0.206050961	0.206050961	0.206050961	0.206050961
Dcn	0.233432863	0.233432863	0.233432863	0.233432863	0.233432863	0.233432863
Acvr2a	0.242535605	0.242535605	0.242535605	0.242535605	0.242535605	0.242535605
Smurf1	0.349338919	0.349338919	0.349338919	0.349338919	0.349338919	0.349338919
Sp1	0.355568297	0.355568297	0.355568297	0.355568297	0.355568297	0.355568297
Fst	0.365973240	0.365973240	0.365973240	0.365973240	0.365973240	0.365973240
Myc	0.380979947	0.380979947	0.380979947	0.380979947	0.380979947	0.380979947
Bmpr1b	0.382311668	0.382311668	0.382311668	0.382311668	0.382311668	0.382311668
Tgfbr1	0.402615769	0.402615769	0.402615769	0.402615769	0.402615769	0.402615769
Ppp2cb	0.405621772	0.405621772	0.405621772	0.405621772	0.405621772	0.405621772
Bmp7	0.408970275	0.408970275	0.408970275	0.408970275	0.408970275	0.408970275
Rps6kb2	0.465498877	0.465498877	0.465498877	0.465498877	0.465498877	0.465498877
Smurf2	0.539824241	0.539824241	0.539824241	0.539824241	0.539824241	0.539824241
Inhba	0.570212725	0.570212725	0.570212725	0.570212725	0.570212725	0.570212725
Ppp2ca	0.605024700	0.605024700	0.605024700	0.605024700	0.605024700	0.605024700
E2f4	0.629711385	0.629711385	0.629711385	0.629711385	0.629711385	0.629711385
Smad4	0.658924884	0.658924884	0.658924884	0.658924884	0.658924884	0.658924884
Ppp2r1a	0.687908576	0.687908576	0.687908576	0.687908576	0.687908576	0.687908576
Bmpr2	0.690534634	0.690534634	0.690534634	0.690534634	0.690534634	0.690534634
Ppp2r1b	0.703510439	0.703510439	0.703510439	0.703510439	0.703510439	0.703510439
Smad5	0.714506504	0.714506504	0.714506504	0.714506504	0.714506504	0.714506504
Amhr2	0.791673673	0.791673673	0.791673673	0.791673673	0.791673673	0.791673673
Acvr1b	0.846688829	0.846688829	0.846688829	0.846688829	0.846688829	0.846688829
Smad1	0.877413494	0.877413494	0.877413494	0.877413494	0.877413494	0.877413494
Ep300	0.888485780	0.888485780	0.888485780	0.888485780	0.888485780	0.888485780
Rhoa	0.891370049	0.891370049	0.891370049	0.891370049	0.891370049	0.891370049
Tgfbr2	0.907960877	0.907960877	0.907960877	0.907960877	0.907960877	0.907960877
E2f5	1.0	1.0	1.0	1.0	1.0	1.0
Rbx1	1.0	1.0	1.0	1.0	1.0	1.0
Acvr1c	2.0	2.0	2.0	2.0	2.0	2.0
Nodal	2.0	2.0	2.0	2.0	2.0	2.0
Inhbc	2.0	2.0	2.0	2.0	2.0	2.0
Inhbe	2.0	2.0	2.0	2.0	2.0	2.0
Lefty2	2.0	2.0	2.0	2.0	2.0	2.0
4930544G11Rik	2.0	2.0	2.0	2.0	2.0	2.0
Ifng	2.0	2.0	2.0	2.0	2.0	2.0
Amh	2.0	2.0	2.0	2.0	2.0	2.0
Bmp5	2.0	2.0	2.0	2.0	2.0	2.0
Bmp8b	2.0	2.0	2.0	2.0	2.0	2.0
Gdf5	2.0	2.0	2.0	2.0	2.0	2.0
Gdf7	2.0	2.0	2.0	2.0	2.0	2.0
Gdf6	2.0	2.0	2.0	2.0	2.0	2.0
